41201718211616518191198591915161610211920518519119651812175201929181911119191651
99691111205141155221451419112122292051485205142091445205718211414191115125511191
13514514185202019811441251811414151419519113111028189147518618113114418541912520
11619189199111551481522214192014191229195181412020118259452091414205112019118201
18201811472154485205141911419221181961518199111891472018518151319125912978520119
12122545621121221817205199791212157181695145191118211616512514221127229451551419
11211616512615181352051920591241961181297185714222718191412020121721192019145202
01516518120281851419418962019258152211192514451951452251120122562011182594191311
81154191651419101514514192182519201118562020912651212520201121913114141962114111
91015141516518119101514192025161181916512129147518615181922914149147191421131351
85201927184151319201512514191115142015181910565141122120165181251445122120569191
15181697745111121821115145225419176251211519191021115821195201920114111915161651
49144211920189718211414514615187212252251210118161145121618157181132120221127520
19222718914751820520421155181121122021181651819151412574151361811319111169141422
11441891471918572112518914751452229181911155145161815421111910151419195111852027
18518718119131181111651219425181125202051819161518914751422912209142051851919518
71821141471181142094211421205161815165121222914751452118145191512412051419615131
25145191028131141419121522514511282518118514225181119205419511201518514132841851
12116551416151211812216205121911225184978520514191115142018151212121518120151895
14581115211445201518711491911910151419615121161518121719111514192112514201184519
19914518518251811519718514518610512127291841351497852019111514201518185141892291
47514191651991121516164181752015191215610151845141911221520515184149147161139129
52579225148520215131651475294181752013919101514198287191115125141928111491471125
19202561512111491475145151912157120514541522512201221711822114146151819251491471
91351249147612518201121922112752062818192051618915189205189147125225181829205821
19612920191911151251491442112751419229144195125142018211215221229191211911518145
19201051451920591414815124621712519165121210152219111169147514114118119191118111
11110281856512205185111916181516189119101514196281851329121611411351891111419115
19205418962019205111491111514192812221111316514162982291252105121151215620514521
51820611212197182114145145201111951891471912282519914711455122251451916271252251
81152016182822520111914751811251920491920189112051452251845141925225751219514191
61815421195142028111514151392018282519113201219151825188225205161815421111910151
41114121195145191852020812251891221185192011441184514195221122151891471961518131
91651211821202211275139145185182051214520575141111692011245111491475141921511229
20418962051311419916119101514514121131912299147518111513161514919206151851491475
14135201625199111151461518811441913514914751811181514949152051812156201922914421
11618152051956121891111420118101518421821111920512129147161518212914458151616114
19221181297192051911105121242518111825192011212191129125182051813914111181112051
85145194171257221185811445125141111919518151212815222521821115141621212911211319
16121191951419185129791514198919201518911518519125911813114751221206281891471914
14191121441922151221135204282522514452091815518202822271852022591920114411841857
91920185857451819113621141419821191615181915131351819941852020191829451458282520
20112518145197105141141911166512195192251849185195182251566919518514514522181514
12028131351822595181516112519351851811105144919142215111205141915191215151318294
52019111514112118181141952051451920569185129205181911114141229451419111161911114
51397182116165192015181259111145711919114518119151318294520161815139121251215227
92214914711412021181145225122118514191920181665185202019129719201891475142051911
15125169115181121185141915121051816691451895145514115122019595185141618919251920
51313512195141942519201516919111914911520810513135201161611391916125181611820919
91611910151419615181852014914751871121221162011212514541828620114451912511201912
91410111122122101262651451201513118195141125202051316518120211861518815124211814
51192512125192052151875185209121929442254129115815124191182594514512211111519251
92051312718519111513161149518181520119101514514615185195202091475141912114419121
71921825205185122825165114125771651219105751814519218281414418516518511212251449
14761252020225181119710518451458151222914412519518514291151812114452012114461518
22112201491471915131829452018111201518118112161147518514201513114141925201051420
19101131615514522141910520206125182011212121752291616111156651820227185185351212
21121185710512469191151420114115161815195191951419231205185195142018516189195111
51420181112051821181452251814192211120514611875212251142051452051451920515131829
41615181911914719122451291475141919161815720185149147151616712284914712151111225
42822520212154199181121121191015145145192051911595145198512752021185181911282520
52051114911115141911922111195914141911212020185714418519195184919161519919101514
19122825229147122541997141121859141110282020161815421111910151451419281911514111
81147125145821131251913111514572112191652020711919111514651811419118161892212021
14111182018169111112282519914712251119207182114145144189141111452282552211319514
12020181111910151419165181916511209225201115141921135142051451919212225145182061
51813291219185751251445161182051351420191516161451314451911219191651996911119101
51411452114425721202051419111221620815141518518914751819111027188112125141920512
56151419111851111514516189197522914192011815121051851951822114519209121219111821
22518202818181211920514191516161519919101514196281811811451329122914491471185791
92018518914719161291120972041131691475145914141920182813149147191618156912514191
11051814571821161652018514518212041141451219514211221111151918919911155141112152
05111028201618154211951420514122519291852019185710518914719615181912171201825111
15189514510212912521131921115187182116165201551851420211891920914221191015145141
92151321184518514191851951619101514192211120161891916181571415195145112118199225
18201651475615144191182091111512191131291472121542018251111191394125181916121520
52012211151820520585141920291861892094192112251111514191916512118612211120199751
81925751819209620191132013114146512125195181112271891471951475121131651811229111
15199712511105181891475181222291811149147191513182945208592014520751813114191151
16181516151951819514915181254518514131181154191112028185184919112119101514196151
82113131122291111591911385205141916185147149147191182594518515161613518111915138
52051812171456118542111115610519112015136182511205141912119201297520511311825945
20191118962020151211914711452251414512281952120191251616191618157141519582879141
42051120197182116165145752251811121191911451457152095182051211475125911518121192
01222718514521028181151118120202114115951855111911351419111514195182021518591414
18520149147514514711471919111202051415131210154615186122520201911211245182251911
51456919115189111513139191015145141913512121513491920114195122816118114582292021
82519201215514229181151394121161145202025145112052052211919135147454513120518911
29195189147514198152051212545121951422545121915184191131291475145712051859148151
24112020162919125147514191111910559711811455141151220131181114145186151829144512
19519125445201919111051312091951820520105145192052142511209785201122201851111198
25121916151872149147514519151313118112251245144511451419212215191321199115185141
91118151122571920181665185791920185189147191215225146151819152251219514192120201
12914751818571051891471919920211191015149141451442818191211441911113165181221914
92020191516161952020520829144211212209147520191916519911229212915205111181454191
20205192025185185419111161920151865251952014914751415131952014914719132920518185
71051891471914545181217514521181451619251191205185146151812254514451451815201191
01514514191112116211411202118191615182019139149192018511412015139514551119205131
61518112522513135186129142051219211845292129152051121821115142091219201516165182
12012597516181519105112052085181854198211952071512613102812111209729197291841918
59514522919549112051851921211449147191391921821115185111811321545141920102111149
14742112212081910518142182845145411413118111965187514197118461147514519111131618
91971814518519191015651285205145191618291116181521251352019185919561518221416518
18151991291992113225181151852019205419132112209139121291514271813120221185511191
61518201821144512978520514516151251420113102812514581522541354921136151211516118
20919222918205714514522577512595185142114451819512191111651819125195209415161612
28251991471918520206151819111491471920513152020513165122010514519205181916519911
22057145205111425192051445191121391111115161612281914914725151841891471912152261
52021121219111551414571252920520192912451819815231915131851454211111118131191151
81916175202091852020514202118141891475141921165184916121513120514514521181512157
95141919512226151811120514521111920251111519113129221912271851411120119201815652
91842562051445131714519921131618154211119101514191522105201821191911851420185111
14204181131811822111111192018281114515161612171922511192016512191311811545206151
21151111811120518518191911211245182018511149147128111514151391951852251920161891
11145181451913119209665145919711841312029201184251411392020121414914751419618994
18520201911818114751351420518111815111152011281212189192015189513542252014513211
95211319721945141857125181315202291210514221618821121329125201115111519135121111
10513165191201991475141919511192051413520518651220191659128251212514191916919197
12020518514199222916149147514191211119571181452021201191119161519209198153115251
91691212518145121522141419218152018229201914916166151821825205182151113291219161
85191911115131311445181951819101142051419225202051257513944512161815421195142011
91151822114145142211952020151371851652011122114418914751811825941912545121951819
16519911221291520511514520562091471191115131115181227181291475145151616122718914
71920181491910151451451110513165192011820518914147114719122825225185919518149155
18810518205161815212513171211212919205141911311825941915187114520195771911411914
71191136518419512191451921821111027185192051611811185201913511129147191311414111
89139141129205201961518522577914751419201851185141618157181131182091112514519191
69191111313518520192015181920514514511211220211815165181202818518718919561211119
51419211814581751612114518145202022518111915132154520117211112112202118514121201
51118151312091911519205111514201112062114111910151451451828114251111518710520209
14711822518111913591920181187182114146914114199518914711118971961229205618920941
99142051851919513541251319112251245145721121191051419112291414519105121618913920
92291920514519161181112914751885913581051216514511142119161851838118131142091951
89147514111028125222719115186105181419112719122201125141961212119514196151851491
47196151819911189147119131111918520149147518191112251451618152291419615181911312
91471229147125189112152020111185141521212015184149147514591461518131191015141971
05221181145718297105191951451566198151851994113919651841122162081221419191691212
51522518191121446114451492215124191151920514151813112518914205141992211211819514
51921147191519911291920518229135181222291112914719165189154581291292052019251920
51313512195141112914115112112518185199181121125185111829112518752019122191118511
11914719161512920911115143891212211352022919211361894151351419151991121618152125
13520215144512171912545185148254181519201209191159141419251452019181520225111920
11452145192916121251111821191921144125131319491513615181991118914719111051316571
21192014251111514191121442514195122215161682825512195191115125161512920911518514
91414292020852051419211991111518852019131187914514511191135141919513519201851916
15205201916189202215124191111910151451419191394971192051619251115114112251911451
12116165126151813520561211911529161451851419212085142014914751812154451920113135
14541513135186211212135112097514914141211920914720211891920615185149147514191912
21202019205914514131141420112514519851219515161612251914914719121191391292027185
11191651820514192825519209111151814518151951618254520121575205114913120521144518
22114141911412577520192018169111125121192014914751419121579192091111211819111221
22151871145182251845141911851415141920151820914719221127828192021215131920514192
21141416121141154189202019202822512615181911914719181161615182051457514518112175
14202120615182018514914711251911891420518221021520131206189518519161518201972141
92051451920518256151211149147191351919978105182051815131318114412522157145148105
12165215115142091216119191181191111914751420514519205252091471132112209111518205
20191629191152021189192011851811585182021721181452121452019192015182091471922571
49147518217185191913914913211319122825199147615185124185192025189147514519516118
11910151451819258562091475182011652011149221145202522520112125201961518191114914
71952091911519119141475229141920112214181201352051894185202019712545141891119417
19135141451451916911511251919514201141416918115185191920151820914719111144941201
14591111105121144201910518141522512